Project	Task	CATEGORY	TOTAL_READS	PF_READS	PCT_PF_READS	PF_NOISE_READS	PF_READS_ALIGNED	PCT_PF_READS_ALIGNED	PF_ALIGNED_BASES	PF_HQ_ALIGNED_READS	PF_HQ_ALIGNED_BASES	PF_HQ_ALIGNED_Q20_BASES	PF_HQ_MEDIAN_MISMATCHES	PF_MISMATCH_RATE	PF_HQ_ERROR_RATE	PF_INDEL_RATE	MEAN_READ_LENGTH	READS_ALIGNED_IN_PAIRS	PCT_READS_ALIGNED_IN_PAIRS	PF_READS_IMPROPER_PAIRS	PCT_PF_READS_IMPROPER_PAIRS	BAD_CYCLES	STRAND_BALANCE	PCT_CHIMERAS	PCT_ADAPTER	SAMPLE	LIBRARY	READ_GROUP
kfdrc-harmonization/sd-bhjxbdqk-04	alignment-BS_28M3B3ME	UNPAIRED	818502700	818502700	1	0	818502700	1	119952222545	736517216	108481376915	106867630635	0	0.005161	0.004227	0.000263	150	0	0	0	0	0	0.499664	0.004901	0	BS_28M3B3ME		
kfdrc-harmonization/sd-bhjxbdqk-04	alignment-BS_28M3B3ME	UNPAIRED	818502700	818502700	1	0	818502700	1	119952222545	736517216	108481376915	106867630635	0	0.005161	0.004227	0.000263	150	0	0	0	0	0	0.499664	0.004901	0	BS_28M3B3ME	TCCGHmM230AAAAAPEI-6	
kfdrc-harmonization/sd-bhjxbdqk-04	alignment-BS_1Y2ZF50H	UNPAIRED	809130375	809130375	1	0	809130375	1	118173966301	730630269	107217115473	105148614557	0	0.005747	0.004886	0.000263	150	0	0	0	0	0	0.499573	0.004963	0	BS_1Y2ZF50H		
kfdrc-harmonization/sd-bhjxbdqk-04	alignment-BS_1Y2ZF50H	UNPAIRED	809130375	809130375	1	0	809130375	1	118173966301	730630269	107217115473	105148614557	0	0.005747	0.004886	0.000263	150	0	0	0	0	0	0.499573	0.004963	0	BS_1Y2ZF50H	TCCGHmM230AAAAAPEI-3	
kfdrc-harmonization/sd-bhjxbdqk-04	alignment-BS_RJYJSCFP	UNPAIRED	848335657	848335657	1	0	848335657	1	124697521319	764265878	112891281126	111310808059	0	0.004903	0.00398	0.000263	150	0	0	0	0	0	0.499671	0.004497	0	BS_RJYJSCFP		
kfdrc-harmonization/sd-bhjxbdqk-04	alignment-BS_RJYJSCFP	UNPAIRED	848335657	848335657	1	0	848335657	1	124697521319	764265878	112891281126	111310808059	0	0.004903	0.00398	0.000263	150	0	0	0	0	0	0.499671	0.004497	0	BS_RJYJSCFP	TCCGHmM230AAAAAPEI-7	
kfdrc-harmonization/sd-bhjxbdqk-04	alignment-BS_TG78Q6BM	UNPAIRED	1141377056	1141377056	1	0	1141377056	1	165009629785	1025272296	148982669539	147031183487	0	0.005008	0.004071	0.000274	150	0	0	0	0	0	0.499562	0.005275	0	BS_TG78Q6BM		
kfdrc-harmonization/sd-bhjxbdqk-04	alignment-BS_TG78Q6BM	UNPAIRED	1141377056	1141377056	1	0	1141377056	1	165009629785	1025272296	148982669539	147031183487	0	0.005008	0.004071	0.000274	150	0	0	0	0	0	0.499562	0.005275	0	BS_TG78Q6BM	TCCGHmM230AAAAAPEI-4	
kfdrc-harmonization/sd-bhjxbdqk-03	alignment-BS_F0WR427W	UNPAIRED	373124072	373124072	1	0	373124072	1	55403486379	340753573	50892614569	50084876185	0	0.004941	0.004127	0.00024	150	0	0	0	0	0	0.499736	0.004085	0	BS_F0WR427W		
kfdrc-harmonization/sd-bhjxbdqk-03	alignment-BS_F0WR427W	UNPAIRED	373124072	373124072	1	0	373124072	1	55403486379	340753573	50892614569	50084876185	0	0.004941	0.004127	0.00024	150	0	0	0	0	0	0.499736	0.004085	0	BS_F0WR427W	DNA478852	
kfdrc-harmonization/sd-bhjxbdqk-03	alignment-BS_8DTDM1MK	UNPAIRED	1212721970	1212721970	1	0	1212721970	1	120096258998	1074208380	106869475832	105702430457	0	0.003885	0.003061	0.000226	100	0	0	0	0	0	0.500051	0.003541	0	BS_8DTDM1MK		
kfdrc-harmonization/sd-bhjxbdqk-03	alignment-BS_8DTDM1MK	UNPAIRED	0	0	0	0	0	0	0	0	0	0	0	0	0	0	0	0	0	0	0	0	0	0	0	BS_8DTDM1MK		
kfdrc-harmonization/sd-bhjxbdqk-03	alignment-BS_8DTDM1MK	UNPAIRED	1212721970	1212721970	1	0	1212721970	1	120096258998	1074208380	106869475832	105702430457	0	0.003885	0.003061	0.000226	100	0	0	0	0	0	0.500051	0.003541	0	unknown	unknown	
kfdrc-harmonization/sd-bhjxbdqk-03	alignment-BS_APFT88Y3	UNPAIRED	1257926389	1257926389	1	0	1257926389	1	124540743200	1113238134	110712731329	109166700485	0	0.004913	0.004074	0.000227	100	0	0	0	0	0	0.50019	0.003822	0	BS_APFT88Y3		
kfdrc-harmonization/sd-bhjxbdqk-03	alignment-BS_APFT88Y3	UNPAIRED	0	0	0	0	0	0	0	0	0	0	0	0	0	0	0	0	0	0	0	0	0	0	0	BS_APFT88Y3		
kfdrc-harmonization/sd-bhjxbdqk-03	alignment-BS_APFT88Y3	UNPAIRED	1257926389	1257926389	1	0	1257926389	1	124540743200	1113238134	110712731329	109166700485	0	0.004913	0.004074	0.000227	100	0	0	0	0	0	0.50019	0.003822	0	unknown	unknown	
kfdrc-harmonization/sd-bhjxbdqk-03	alignment-BS_SAFSHSAC	UNPAIRED	350085125	350085125	1	0	350085125	1	51731005536	317537070	47222331975	45710681304	0	0.006219	0.005433	0.000206	150	0	0	0	0	0	0.500374	0.006451	0	BS_SAFSHSAC		
kfdrc-harmonization/sd-bhjxbdqk-03	alignment-BS_SAFSHSAC	UNPAIRED	350085125	350085125	1	0	350085125	1	51731005536	317537070	47222331975	45710681304	0	0.006219	0.005433	0.000206	150	0	0	0	0	0	0.500374	0.006451	0	BS_SAFSHSAC	SIDRALIB7316-99B	
kfdrc-harmonization/sd-bhjxbdqk-03	alignment-BS_YZ3MRCXX	UNPAIRED	403427172	403427172	1	0	403427172	1	59868286774	367220894	54844973185	54016080850	0	0.004716	0.003872	0.000239	150	0	0	0	0	0	0.499668	0.004229	0	BS_YZ3MRCXX		
kfdrc-harmonization/sd-bhjxbdqk-03	alignment-BS_YZ3MRCXX	UNPAIRED	403427172	403427172	1	0	403427172	1	59868286774	367220894	54844973185	54016080850	0	0.004716	0.003872	0.000239	150	0	0	0	0	0	0.499668	0.004229	0	BS_YZ3MRCXX	7316-219-DNA394877	
kfdrc-harmonization/sd-bhjxbdqk-03	alignment-BS_00ZND930	UNPAIRED	427275110	427275110	1	0	427275110	1	63526087098	390251492	58299580347	57807942135	0	0.003531	0.002819	0.000232	150	0	0	0	0	0	0.499596	0.003969	0	BS_00ZND930		
kfdrc-harmonization/sd-bhjxbdqk-03	alignment-BS_00ZND930	UNPAIRED	427275110	427275110	1	0	427275110	1	63526087098	390251492	58299580347	57807942135	0	0.003531	0.002819	0.000232	150	0	0	0	0	0	0.499596	0.003969	0	BS_00ZND930	DNA478834	
kfdrc-harmonization/sd-bhjxbdqk-03	alignment-BS_ZJ3VP0AP	UNPAIRED	471859424	471859424	1	0	471859424	1	70127390211	433536531	64764904326	64137774955	0	0.003662	0.002946	0.000228	150	0	0	0	0	0	0.499702	0.003915	0	BS_ZJ3VP0AP		
kfdrc-harmonization/sd-bhjxbdqk-03	alignment-BS_ZJ3VP0AP	UNPAIRED	471859424	471859424	1	0	471859424	1	70127390211	433536531	64764904326	64137774955	0	0.003662	0.002946	0.000228	150	0	0	0	0	0	0.499702	0.003915	0	BS_ZJ3VP0AP	DNA478830	
kfdrc-harmonization/sd-bhjxbdqk-03	alignment-BS_ECMB9SWH	UNPAIRED	446263493	446263493	1	0	446263493	1	66296380327	408143157	60965734780	60329213912	0	0.004099	0.003326	0.000253	150	0	0	0	0	0	0.499715	0.003992	0	BS_ECMB9SWH		
kfdrc-harmonization/sd-bhjxbdqk-03	alignment-BS_ECMB9SWH	UNPAIRED	446263493	446263493	1	0	446263493	1	66296380327	408143157	60965734780	60329213912	0	0.004099	0.003326	0.000253	150	0	0	0	0	0	0.499715	0.003992	0	BS_ECMB9SWH	DNA478840	
kfdrc-harmonization/sd-bhjxbdqk-03	alignment-BS_ZDSXV5N1	UNPAIRED	618266471	618266471	1	0	618266471	1	61428818267	550750097	54927913063	54457985435	0	0.003627	0.002819	0.00025	100	0	0	0	0	0	0.500128	0.003366	0	BS_ZDSXV5N1		
kfdrc-harmonization/sd-bhjxbdqk-03	alignment-BS_ZDSXV5N1	UNPAIRED	0	0	0	0	0	0	0	0	0	0	0	0	0	0	0	0	0	0	0	0	0	0	0	BS_ZDSXV5N1		
kfdrc-harmonization/sd-bhjxbdqk-03	alignment-BS_ZDSXV5N1	UNPAIRED	618266471	618266471	1	0	618266471	1	61428818267	550750097	54927913063	54457985435	0	0.003627	0.002819	0.00025	100	0	0	0	0	0	0.500128	0.003366	0	unknown	unknown	
kfdrc-harmonization/sd-bhjxbdqk-03	alignment-BS_GBQ6A3ST	UNPAIRED	380369810	380369810	1	0	380369810	1	56453894522	344198824	51407712872	50528626239	0	0.005578	0.004639	0.000244	150	0	0	0	0	0	0.499684	0.004457	0	BS_GBQ6A3ST		
kfdrc-harmonization/sd-bhjxbdqk-03	alignment-BS_GBQ6A3ST	UNPAIRED	380369810	380369810	1	0	380369810	1	56453894522	344198824	51407712872	50528626239	0	0.005578	0.004639	0.000244	150	0	0	0	0	0	0.499684	0.004457	0	BS_GBQ6A3ST	DNA478847	
kfdrc-harmonization/sd-bhjxbdqk-03	alignment-BS_B2AFNXS1	UNPAIRED	392504551	392504551	1	0	392504551	1	58310118591	355346257	53082172800	52343184384	0	0.00476	0.003867	0.000239	150	0	0	0	0	0	0.499603	0.004419	0	BS_B2AFNXS1		
kfdrc-harmonization/sd-bhjxbdqk-03	alignment-BS_B2AFNXS1	UNPAIRED	392504551	392504551	1	0	392504551	1	58310118591	355346257	53082172800	52343184384	0	0.00476	0.003867	0.000239	150	0	0	0	0	0	0.499603	0.004419	0	BS_B2AFNXS1	DNA478849	
kfdrc-harmonization/sd-bhjxbdqk-03	alignment-BS_G113MX63	UNPAIRED	387264756	387264756	1	0	387264756	1	57526304644	350645233	52376796843	51650779979	0	0.005219	0.004311	0.00026	150	0	0	0	0	0	0.499663	0.004054	0	BS_G113MX63		
kfdrc-harmonization/sd-bhjxbdqk-03	alignment-BS_G113MX63	UNPAIRED	387264756	387264756	1	0	387264756	1	57526304644	350645233	52376796843	51650779979	0	0.005219	0.004311	0.00026	150	0	0	0	0	0	0.499663	0.004054	0	BS_G113MX63	DNA478842	
kfdrc-harmonization/sd-bhjxbdqk-03	alignment-BS_FHDR7FJE	UNPAIRED	338889853	338889853	1	0	338889853	1	50062707713	304338827	45273242614	44062345019	0	0.006186	0.005173	0.000227	150	0	0	0	0	0	0.500382	0.007507	0	BS_FHDR7FJE		
kfdrc-harmonization/sd-bhjxbdqk-03	alignment-BS_FHDR7FJE	UNPAIRED	338889853	338889853	1	0	338889853	1	50062707713	304338827	45273242614	44062345019	0	0.006186	0.005173	0.000227	150	0	0	0	0	0	0.500382	0.007507	0	BS_FHDR7FJE	TCCRHmM198AGAAAPEI-7	
kfdrc-harmonization/sd-bhjxbdqk-03	alignment-BS_W9MBVTYX	UNPAIRED	1307989401	1307989401	1	0	1307989401	1	129648601166	1167766043	116226601568	114971614175	0	0.004234	0.003528	0.000289	100	0	0	0	0	0	0.500139	0.003189	0	BS_W9MBVTYX		
kfdrc-harmonization/sd-bhjxbdqk-03	alignment-BS_W9MBVTYX	UNPAIRED	0	0	0	0	0	0	0	0	0	0	0	0	0	0	0	0	0	0	0	0	0	0	0	BS_W9MBVTYX		
kfdrc-harmonization/sd-bhjxbdqk-03	alignment-BS_W9MBVTYX	UNPAIRED	1307989401	1307989401	1	0	1307989401	1	129648601166	1167766043	116226601568	114971614175	0	0.004234	0.003528	0.000289	100	0	0	0	0	0	0.500139	0.003189	0	unknown	unknown	
kfdrc-harmonization/sd-bhjxbdqk-03	alignment-BS_D25PJCXY	UNPAIRED	402849459	402849459	1	0	402849459	1	59550709457	364240184	54183622654	52678307108	0	0.006045	0.005063	0.000212	150	0	0	0	0	0	0.500191	0.00627	0	BS_D25PJCXY		
kfdrc-harmonization/sd-bhjxbdqk-03	alignment-BS_D25PJCXY	UNPAIRED	402849459	402849459	1	0	402849459	1	59550709457	364240184	54183622654	52678307108	0	0.006045	0.005063	0.000212	150	0	0	0	0	0	0.500191	0.00627	0	BS_D25PJCXY	SIDRALIB7316-931B	
kfdrc-harmonization/sd-bhjxbdqk-03	alignment-BS_EQCAS6HV	UNPAIRED	395685756	395685756	1	0	395685756	1	58452578234	358078433	53224714714	51265015024	0	0.006388	0.005555	0.000221	150	0	0	0	0	0	0.500424	0.006683	0	BS_EQCAS6HV		
kfdrc-harmonization/sd-bhjxbdqk-03	alignment-BS_EQCAS6HV	UNPAIRED	395685756	395685756	1	0	395685756	1	58452578234	358078433	53224714714	51265015024	0	0.006388	0.005555	0.000221	150	0	0	0	0	0	0.500424	0.006683	0	BS_EQCAS6HV	TCCRHmM198AKAAAPEI-11	
kfdrc-harmonization/sd-bhjxbdqk-03	alignment-BS_4KXBM5J8	UNPAIRED	646132803	646132803	1	0	646132803	1	64162414957	572950987	57126052445	56619129567	0	0.00378	0.002905	0.000224	100	0	0	0	0	0	0.50009	0.003447	0	BS_4KXBM5J8		
kfdrc-harmonization/sd-bhjxbdqk-03	alignment-BS_4KXBM5J8	UNPAIRED	0	0	0	0	0	0	0	0	0	0	0	0	0	0	0	0	0	0	0	0	0	0	0	BS_4KXBM5J8		
kfdrc-harmonization/sd-bhjxbdqk-03	alignment-BS_4KXBM5J8	UNPAIRED	646132803	646132803	1	0	646132803	1	64162414957	572950987	57126052445	56619129567	0	0.00378	0.002905	0.000224	100	0	0	0	0	0	0.50009	0.003447	0	unknown	unknown	
kfdrc-harmonization/sd-bhjxbdqk-03	alignment-BS_WCQW99V3	UNPAIRED	620430876	620430876	1	0	620430876	1	61617091938	549288527	54772790640	54312419968	0	0.003373	0.002539	0.000233	100	0	0	0	0	0	0.500072	0.003007	0	BS_WCQW99V3		
kfdrc-harmonization/sd-bhjxbdqk-03	alignment-BS_WCQW99V3	UNPAIRED	0	0	0	0	0	0	0	0	0	0	0	0	0	0	0	0	0	0	0	0	0	0	0	BS_WCQW99V3		
kfdrc-harmonization/sd-bhjxbdqk-03	alignment-BS_WCQW99V3	UNPAIRED	620430876	620430876	1	0	620430876	1	61617091938	549288527	54772790640	54312419968	0	0.003373	0.002539	0.000233	100	0	0	0	0	0	0.500072	0.003007	0	unknown	unknown	
kfdrc-harmonization/sd-bhjxbdqk-03	alignment-BS_0PB4PTHT	UNPAIRED	406074403	406074403	1	0	406074403	1	60247433089	368260565	54994686462	54020429423	0	0.005383	0.004482	0.000236	150	0	0	0	0	0	0.499613	0.004445	0	BS_0PB4PTHT		
kfdrc-harmonization/sd-bhjxbdqk-03	alignment-BS_0PB4PTHT	UNPAIRED	406074403	406074403	1	0	406074403	1	60247433089	368260565	54994686462	54020429423	0	0.005383	0.004482	0.000236	150	0	0	0	0	0	0.499613	0.004445	0	BS_0PB4PTHT	DNA478855	
kfdrc-harmonization/sd-bhjxbdqk-03	alignment-BS_E1SWA20C	UNPAIRED	456521293	456521293	1	0	456521293	1	67860157417	416698280	62268299396	61530054764	0	0.004155	0.003364	0.000239	150	0	0	0	0	0	0.499684	0.004262	0	BS_E1SWA20C		
kfdrc-harmonization/sd-bhjxbdqk-03	alignment-BS_E1SWA20C	UNPAIRED	456521293	456521293	1	0	456521293	1	67860157417	416698280	62268299396	61530054764	0	0.004155	0.003364	0.000239	150	0	0	0	0	0	0.499684	0.004262	0	BS_E1SWA20C	DNA478833	
kfdrc-harmonization/sd-bhjxbdqk-03	alignment-BS_YR7Q70YP	UNPAIRED	552326738	552326738	1	0	552326738	1	54842524570	489290439	48773732910	48410745556	0	0.003191	0.002371	0.000235	100	0	0	0	0	0	0.500048	0.00311	0	BS_YR7Q70YP		
kfdrc-harmonization/sd-bhjxbdqk-03	alignment-BS_YR7Q70YP	UNPAIRED	0	0	0	0	0	0	0	0	0	0	0	0	0	0	0	0	0	0	0	0	0	0	0	BS_YR7Q70YP		
kfdrc-harmonization/sd-bhjxbdqk-03	alignment-BS_YR7Q70YP	UNPAIRED	552326738	552326738	1	0	552326738	1	54842524570	489290439	48773732910	48410745556	0	0.003191	0.002371	0.000235	100	0	0	0	0	0	0.500048	0.00311	0	unknown	unknown	
kfdrc-harmonization/sd-bhjxbdqk-03	alignment-BS_584QG6D4	UNPAIRED	359462141	359462141	1	0	359462141	1	53042092539	323530883	48087481519	46866313686	0	0.00601	0.005018	0.000215	150	0	0	0	0	0	0.500172	0.007063	0	BS_584QG6D4		
kfdrc-harmonization/sd-bhjxbdqk-03	alignment-BS_584QG6D4	UNPAIRED	359462141	359462141	1	0	359462141	1	53042092539	323530883	48087481519	46866313686	0	0.00601	0.005018	0.000215	150	0	0	0	0	0	0.500172	0.007063	0	BS_584QG6D4	SIDRALIB7316-883B	
kfdrc-harmonization/sd-bhjxbdqk-03	alignment-BS_5ESEHG0A	UNPAIRED	614420573	614420573	1	0	614420573	1	61040404818	547828233	54638532290	54198060133	0	0.003264	0.002496	0.000245	100	0	0	0	0	0	0.500115	0.003331	0	BS_5ESEHG0A		
kfdrc-harmonization/sd-bhjxbdqk-03	alignment-BS_5ESEHG0A	UNPAIRED	0	0	0	0	0	0	0	0	0	0	0	0	0	0	0	0	0	0	0	0	0	0	0	BS_5ESEHG0A		
kfdrc-harmonization/sd-bhjxbdqk-03	alignment-BS_5ESEHG0A	UNPAIRED	614420573	614420573	1	0	614420573	1	61040404818	547828233	54638532290	54198060133	0	0.003264	0.002496	0.000245	100	0	0	0	0	0	0.500115	0.003331	0	unknown	unknown	
kfdrc-harmonization/sd-bhjxbdqk-03	alignment-BS_26J942GD	UNPAIRED	344747016	344747016	1	0	344747016	1	51178681224	313239264	46782620039	46013295492	0	0.005036	0.004171	0.000232	150	0	0	0	0	0	0.499648	0.003775	0	BS_26J942GD		
kfdrc-harmonization/sd-bhjxbdqk-03	alignment-BS_26J942GD	UNPAIRED	344747016	344747016	1	0	344747016	1	51178681224	313239264	46782620039	46013295492	0	0.005036	0.004171	0.000232	150	0	0	0	0	0	0.499648	0.003775	0	BS_26J942GD	DNA478844	
kfdrc-harmonization/sd-bhjxbdqk-03	alignment-BS_BSXYPA4B	UNPAIRED	1304114853	1304114853	1	0	1304114853	1	129542147577	1161756605	115831961500	114695578151	0	0.003792	0.003079	0.00023	100	0	0	0	0	0	0.500113	0.003096	0	BS_BSXYPA4B		
kfdrc-harmonization/sd-bhjxbdqk-03	alignment-BS_BSXYPA4B	UNPAIRED	0	0	0	0	0	0	0	0	0	0	0	0	0	0	0	0	0	0	0	0	0	0	0	BS_BSXYPA4B		
kfdrc-harmonization/sd-bhjxbdqk-03	alignment-BS_BSXYPA4B	UNPAIRED	1304114853	1304114853	1	0	1304114853	1	129542147577	1161756605	115831961500	114695578151	0	0.003792	0.003079	0.00023	100	0	0	0	0	0	0.500113	0.003096	0	unknown	unknown	
kfdrc-harmonization/sd-bhjxbdqk-03	alignment-BS_2QKS5WMK	UNPAIRED	398595198	398595198	1	0	398595198	1	59175806233	361491643	53989957473	52935728841	0	0.005373	0.004467	0.000229	150	0	0	0	0	0	0.499666	0.004062	0	BS_2QKS5WMK		
kfdrc-harmonization/sd-bhjxbdqk-03	alignment-BS_2QKS5WMK	UNPAIRED	398595198	398595198	1	0	398595198	1	59175806233	361491643	53989957473	52935728841	0	0.005373	0.004467	0.000229	150	0	0	0	0	0	0.499666	0.004062	0	BS_2QKS5WMK	DNA456369	
kfdrc-harmonization/sd-bhjxbdqk-03	alignment-BS_8ZTNXCZJ	UNPAIRED	441987878	441987878	1	0	441987878	1	65623246965	399494352	59670549953	59145538174	0	0.004116	0.003203	0.000255	150	0	0	0	0	0	0.499633	0.004078	0	BS_8ZTNXCZJ		
kfdrc-harmonization/sd-bhjxbdqk-03	alignment-BS_8ZTNXCZJ	UNPAIRED	441987878	441987878	1	0	441987878	1	65623246965	399494352	59670549953	59145538174	0	0.004116	0.003203	0.000255	150	0	0	0	0	0	0.499633	0.004078	0	BS_8ZTNXCZJ	DNA478831	
kfdrc-harmonization/sd-bhjxbdqk-03	alignment-BS_AWRNMZAY	UNPAIRED	450149774	450149774	1	0	450149774	1	66891589456	409073120	61121632513	60587161074	0	0.003895	0.003042	0.000235	150	0	0	0	0	0	0.49964	0.004094	0	BS_AWRNMZAY		
kfdrc-harmonization/sd-bhjxbdqk-03	alignment-BS_AWRNMZAY	UNPAIRED	450149774	450149774	1	0	450149774	1	66891589456	409073120	61121632513	60587161074	0	0.003895	0.003042	0.000235	150	0	0	0	0	0	0.49964	0.004094	0	BS_AWRNMZAY	DNA478832	
kfdrc-harmonization/sd-bhjxbdqk-03	alignment-BS_H6JD43MF	UNPAIRED	383713623	383713623	1	0	383713623	1	56999762070	349775870	52240931664	51450069569	0	0.004624	0.003852	0.000231	150	0	0	0	0	0	0.499704	0.003789	0	BS_H6JD43MF		
kfdrc-harmonization/sd-bhjxbdqk-03	alignment-BS_H6JD43MF	UNPAIRED	383713623	383713623	1	0	383713623	1	56999762070	349775870	52240931664	51450069569	0	0.004624	0.003852	0.000231	150	0	0	0	0	0	0.499704	0.003789	0	BS_H6JD43MF	DNA478853	
kfdrc-harmonization/sd-bhjxbdqk-03	alignment-BS_TQYACCGG	UNPAIRED	436361987	436361987	1	0	436361987	1	64865050347	399800451	59732815120	59242459916	0	0.003748	0.003059	0.000227	150	0	0	0	0	0	0.499681	0.003855	0	BS_TQYACCGG		
kfdrc-harmonization/sd-bhjxbdqk-03	alignment-BS_TQYACCGG	UNPAIRED	436361987	436361987	1	0	436361987	1	64865050347	399800451	59732815120	59242459916	0	0.003748	0.003059	0.000227	150	0	0	0	0	0	0.499681	0.003855	0	BS_TQYACCGG	DNA478845	
kfdrc-harmonization/sd-bhjxbdqk-03	alignment-BS_7GZKB2J6	UNPAIRED	436673873	436673873	1	0	436673873	1	64838522841	398016541	59446180411	58734103937	0	0.00426	0.003455	0.000241	150	0	0	0	0	0	0.499697	0.004354	0	BS_7GZKB2J6		
kfdrc-harmonization/sd-bhjxbdqk-03	alignment-BS_7GZKB2J6	UNPAIRED	436673873	436673873	1	0	436673873	1	64838522841	398016541	59446180411	58734103937	0	0.00426	0.003455	0.000241	150	0	0	0	0	0	0.499697	0.004354	0	BS_7GZKB2J6	DNA478843	
kfdrc-harmonization/sd-bhjxbdqk-03	alignment-BS_SN2CD2FC	UNPAIRED	435343891	435343891	1	0	435343891	1	64583071619	395124962	58987879445	58341436783	0	0.004403	0.00351	0.000257	150	0	0	0	0	0	0.499351	0.0046	0	BS_SN2CD2FC		
kfdrc-harmonization/sd-bhjxbdqk-03	alignment-BS_SN2CD2FC	UNPAIRED	435343891	435343891	1	0	435343891	1	64583071619	395124962	58987879445	58341436783	0	0.004403	0.00351	0.000257	150	0	0	0	0	0	0.499351	0.0046	0	BS_SN2CD2FC	DNA478846	
kfdrc-harmonization/sd-bhjxbdqk-03	alignment-BS_F4V6RWJ9	UNPAIRED	629679183	629679183	1	0	629679183	1	62544095869	560204578	55844792618	55401859165	0	0.003428	0.002619	0.000231	100	0	0	0	0	0	0.500065	0.003065	0	BS_F4V6RWJ9		
kfdrc-harmonization/sd-bhjxbdqk-03	alignment-BS_F4V6RWJ9	UNPAIRED	0	0	0	0	0	0	0	0	0	0	0	0	0	0	0	0	0	0	0	0	0	0	0	BS_F4V6RWJ9		
kfdrc-harmonization/sd-bhjxbdqk-03	alignment-BS_F4V6RWJ9	UNPAIRED	629679183	629679183	1	0	629679183	1	62544095869	560204578	55844792618	55401859165	0	0.003428	0.002619	0.000231	100	0	0	0	0	0	0.500065	0.003065	0	unknown	unknown	
kfdrc-harmonization/sd-bhjxbdqk-03	alignment-BS_JAGHHZXH	UNPAIRED	1177828469	1177828469	1	0	1177828469	1	116685990411	1045878490	104060412449	102862988428	0	0.004828	0.004048	0.000225	100	0	0	0	0	0	0.50007	0.003563	0	BS_JAGHHZXH		
kfdrc-harmonization/sd-bhjxbdqk-03	alignment-BS_JAGHHZXH	UNPAIRED	0	0	0	0	0	0	0	0	0	0	0	0	0	0	0	0	0	0	0	0	0	0	0	BS_JAGHHZXH		
kfdrc-harmonization/sd-bhjxbdqk-03	alignment-BS_JAGHHZXH	UNPAIRED	1177828469	1177828469	1	0	1177828469	1	116685990411	1045878490	104060412449	102862988428	0	0.004828	0.004048	0.000225	100	0	0	0	0	0	0.50007	0.003563	0	unknown	unknown	
kfdrc-harmonization/sd-bhjxbdqk-03	alignment-BS_CRRXEJYC	UNPAIRED	426373887	426373887	1	0	426373887	1	63219311101	387135038	57794777531	57236770834	0	0.004077	0.00326	0.000238	150	0	0	0	0	0	0.499529	0.004329	0	BS_CRRXEJYC		
kfdrc-harmonization/sd-bhjxbdqk-03	alignment-BS_CRRXEJYC	UNPAIRED	426373887	426373887	1	0	426373887	1	63219311101	387135038	57794777531	57236770834	0	0.004077	0.00326	0.000238	150	0	0	0	0	0	0.499529	0.004329	0	BS_CRRXEJYC	7316-95-DNA393528	
kfdrc-harmonization/sd-bhjxbdqk-03	alignment-BS_4RT8H37A	UNPAIRED	1207458829	1207458829	1	0	1207458829	1	119572424323	1068728414	106326265537	105177484611	0	0.003929	0.003071	0.000228	100	0	0	0	0	0	0.500118	0.003661	0	BS_4RT8H37A		
kfdrc-harmonization/sd-bhjxbdqk-03	alignment-BS_4RT8H37A	UNPAIRED	0	0	0	0	0	0	0	0	0	0	0	0	0	0	0	0	0	0	0	0	0	0	0	BS_4RT8H37A		
kfdrc-harmonization/sd-bhjxbdqk-03	alignment-BS_4RT8H37A	UNPAIRED	1207458829	1207458829	1	0	1207458829	1	119572424323	1068728414	106326265537	105177484611	0	0.003929	0.003071	0.000228	100	0	0	0	0	0	0.500118	0.003661	0	unknown	unknown	
kfdrc-harmonization/sd-bhjxbdqk-03	alignment-BS_84QXT7FR	UNPAIRED	313260658	313260658	1	0	313260658	1	46507378047	283630321	42364192561	41717811379	0	0.004912	0.003994	0.000249	150	0	0	0	0	0	0.4997	0.004372	0	BS_84QXT7FR		
kfdrc-harmonization/sd-bhjxbdqk-03	alignment-BS_84QXT7FR	UNPAIRED	313260658	313260658	1	0	313260658	1	46507378047	283630321	42364192561	41717811379	0	0.004912	0.003994	0.000249	150	0	0	0	0	0	0.4997	0.004372	0	BS_84QXT7FR	DNA478850	
kfdrc-harmonization/sd-bhjxbdqk-03	alignment-BS_GP9W8WG8	UNPAIRED	565906450	565906450	1	0	565906450	1	56202390515	505399868	50381761523	50022246764	0	0.003008	0.00231	0.000227	100	0	0	0	0	0	0.500142	0.002878	0	BS_GP9W8WG8		
kfdrc-harmonization/sd-bhjxbdqk-03	alignment-BS_GP9W8WG8	UNPAIRED	0	0	0	0	0	0	0	0	0	0	0	0	0	0	0	0	0	0	0	0	0	0	0	BS_GP9W8WG8		
kfdrc-harmonization/sd-bhjxbdqk-03	alignment-BS_GP9W8WG8	UNPAIRED	565906450	565906450	1	0	565906450	1	56202390515	505399868	50381761523	50022246764	0	0.003008	0.00231	0.000227	100	0	0	0	0	0	0.500142	0.002878	0	unknown	unknown	
kfdrc-harmonization/sd-bhjxbdqk-03	alignment-BS_99PPAR9M	UNPAIRED	448766979	448766979	1	0	448766979	1	66654386529	410225829	61282461960	60571215645	0	0.004141	0.003352	0.000242	150	0	0	0	0	0	0.499669	0.004281	0	BS_99PPAR9M		
kfdrc-harmonization/sd-bhjxbdqk-03	alignment-BS_99PPAR9M	UNPAIRED	448766979	448766979	1	0	448766979	1	66654386529	410225829	61282461960	60571215645	0	0.004141	0.003352	0.000242	150	0	0	0	0	0	0.499669	0.004281	0	BS_99PPAR9M	DNA478836	
kfdrc-harmonization/sd-bhjxbdqk-03	alignment-BS_J9K1Y535	UNPAIRED	334406190	334406190	1	0	334406190	1	49354394466	302084124	44913486790	43786808423	0	0.005745	0.004884	0.000211	150	0	0	0	0	0	0.500297	0.006544	0	BS_J9K1Y535		
kfdrc-harmonization/sd-bhjxbdqk-03	alignment-BS_J9K1Y535	UNPAIRED	334406190	334406190	1	0	334406190	1	49354394466	302084124	44913486790	43786808423	0	0.005745	0.004884	0.000211	150	0	0	0	0	0	0.500297	0.006544	0	BS_J9K1Y535	TCCRHmM198AIAAAPEI-9	
kfdrc-harmonization/sd-bhjxbdqk-03	alignment-BS_YVRSCEC6	UNPAIRED	438945658	438945658	1	0	438945658	1	65218065787	400610875	59847134291	59267665266	0	0.003951	0.00321	0.000238	150	0	0	0	0	0	0.499652	0.004035	0	BS_YVRSCEC6		
kfdrc-harmonization/sd-bhjxbdqk-03	alignment-BS_YVRSCEC6	UNPAIRED	438945658	438945658	1	0	438945658	1	65218065787	400610875	59847134291	59267665266	0	0.003951	0.00321	0.000238	150	0	0	0	0	0	0.499652	0.004035	0	BS_YVRSCEC6	DNA478851	
kfdrc-harmonization/sd-bhjxbdqk-03	alignment-BS_GKFY1GX4	UNPAIRED	425647669	425647669	1	0	425647669	1	63241329582	385137027	57539753177	57116479262	0	0.003626	0.002735	0.000242	150	0	0	0	0	0	0.499623	0.00374	0	BS_GKFY1GX4		
kfdrc-harmonization/sd-bhjxbdqk-03	alignment-BS_GKFY1GX4	UNPAIRED	425647669	425647669	1	0	425647669	1	63241329582	385137027	57539753177	57116479262	0	0.003626	0.002735	0.000242	150	0	0	0	0	0	0.499623	0.00374	0	BS_GKFY1GX4	7316-6B	
kfdrc-harmonization/sd-bhjxbdqk-03	alignment-BS_FQ7H95MY	UNPAIRED	1253705955	1253705955	1	0	1253705955	1	124031307709	1115783886	110907573979	109275567718	0	0.004583	0.003818	0.00023	100	0	0	0	0	0	0.500274	0.003966	0	BS_FQ7H95MY		
kfdrc-harmonization/sd-bhjxbdqk-03	alignment-BS_FQ7H95MY	UNPAIRED	0	0	0	0	0	0	0	0	0	0	0	0	0	0	0	0	0	0	0	0	0	0	0	BS_FQ7H95MY		
kfdrc-harmonization/sd-bhjxbdqk-03	alignment-BS_FQ7H95MY	UNPAIRED	1253705955	1253705955	1	0	1253705955	1	124031307709	1115783886	110907573979	109275567718	0	0.004583	0.003818	0.00023	100	0	0	0	0	0	0.500274	0.003966	0	unknown	unknown	
kfdrc-harmonization/sd-bhjxbdqk-03	alignment-BS_TDN8NVYJ	UNPAIRED	372429987	372429987	1	0	372429987	1	55257447633	335670498	50143667340	49340272710	0	0.004962	0.003972	0.000235	150	0	0	0	0	0	0.499726	0.003576	0	BS_TDN8NVYJ		
kfdrc-harmonization/sd-bhjxbdqk-03	alignment-BS_TDN8NVYJ	UNPAIRED	372429987	372429987	1	0	372429987	1	55257447633	335670498	50143667340	49340272710	0	0.004962	0.003972	0.000235	150	0	0	0	0	0	0.499726	0.003576	0	BS_TDN8NVYJ	DNA478848	
kfdrc-harmonization/sd-bhjxbdqk-03	alignment-BS_F42WG7E7	UNPAIRED	353759586	353759586	1	0	353759586	1	52282479501	318023205	47338513945	46358994819	0	0.00561	0.004592	0.000224	150	0	0	0	0	0	0.500354	0.007114	0	BS_F42WG7E7		
kfdrc-harmonization/sd-bhjxbdqk-03	alignment-BS_F42WG7E7	UNPAIRED	353759586	353759586	1	0	353759586	1	52282479501	318023205	47338513945	46358994819	0	0.00561	0.004592	0.000224	150	0	0	0	0	0	0.500354	0.007114	0	BS_F42WG7E7	TCCRHmM198AJAAAPEI-10	
kfdrc-harmonization/sd-bhjxbdqk-03	alignment-BS_RREVQG9H	UNPAIRED	460692200	460692200	1	0	460692200	1	68479308414	419569918	62683555132	62105191473	0	0.003682	0.002856	0.000239	150	0	0	0	0	0	0.49967	0.004371	0	BS_RREVQG9H		
kfdrc-harmonization/sd-bhjxbdqk-03	alignment-BS_RREVQG9H	UNPAIRED	460692200	460692200	1	0	460692200	1	68479308414	419569918	62683555132	62105191473	0	0.003682	0.002856	0.000239	150	0	0	0	0	0	0.49967	0.004371	0	BS_RREVQG9H	DNA478841	
kfdrc-harmonization/sd-bhjxbdqk-03	alignment-BS_1DM8G1V8	UNPAIRED	396723707	396723707	1	0	396723707	1	58834110259	360197723	53752430933	52369825825	0	0.00693	0.006108	0.000236	150	0	0	0	0	0	0.499687	0.004096	0	BS_1DM8G1V8		
kfdrc-harmonization/sd-bhjxbdqk-03	alignment-BS_1DM8G1V8	UNPAIRED	396723707	396723707	1	0	396723707	1	58834110259	360197723	53752430933	52369825825	0	0.00693	0.006108	0.000236	150	0	0	0	0	0	0.499687	0.004096	0	BS_1DM8G1V8	DNA478854	
kfdrc-harmonization/sd-bhjxbdqk-03	alignment-BS_B6H61NPY	UNPAIRED	430599956	430599956	1	0	430599956	1	63754985347	389939744	58110940189	57173005366	0	0.006011	0.005106	0.000246	150	0	0	0	0	0	0.49946	0.004182	0	BS_B6H61NPY		
kfdrc-harmonization/sd-bhjxbdqk-03	alignment-BS_B6H61NPY	UNPAIRED	430599956	430599956	1	0	430599956	1	63754985347	389939744	58110940189	57173005366	0	0.006011	0.005106	0.000246	150	0	0	0	0	0	0.49946	0.004182	0	BS_B6H61NPY	DNA478839	
kfdrc-harmonization/sd-bhjxbdqk-03	alignment-BS_0NC1NQ01	UNPAIRED	349683460	349683460	1	0	349683460	1	51733723582	318203015	47351409107	46059285037	0	0.005993	0.005175	0.000207	150	0	0	0	0	0	0.500252	0.006361	0	BS_0NC1NQ01		
kfdrc-harmonization/sd-bhjxbdqk-03	alignment-BS_0NC1NQ01	UNPAIRED	349683460	349683460	1	0	349683460	1	51733723582	318203015	47351409107	46059285037	0	0.005993	0.005175	0.000207	150	0	0	0	0	0	0.500252	0.006361	0	BS_0NC1NQ01	TCCRHmM198AFAAAPEI-6	
kfdrc-harmonization/sd-bhjxbdqk-03	alignment-BS_FNQMY128	UNPAIRED	454654539	454654539	1	0	454654539	1	67496804704	411243842	61437948714	60919169724	0	0.00398	0.003059	0.00027	150	0	0	0	0	0	0.499681	0.004535	0	BS_FNQMY128		
kfdrc-harmonization/sd-bhjxbdqk-03	alignment-BS_FNQMY128	UNPAIRED	454654539	454654539	1	0	454654539	1	67496804704	411243842	61437948714	60919169724	0	0.00398	0.003059	0.00027	150	0	0	0	0	0	0.499681	0.004535	0	BS_FNQMY128	DNA478835	
kfdrc-harmonization/sd-bhjxbdqk-03	alignment-BS_Y4X7K6SY	UNPAIRED	1245155565	1245155565	1	0	1245155565	1	123224386240	1101310921	109488448976	107882859683	0	0.004437	0.003636	0.000222	100	0	0	0	0	0	0.500104	0.00384	0	BS_Y4X7K6SY		
kfdrc-harmonization/sd-bhjxbdqk-03	alignment-BS_Y4X7K6SY	UNPAIRED	0	0	0	0	0	0	0	0	0	0	0	0	0	0	0	0	0	0	0	0	0	0	0	BS_Y4X7K6SY		
kfdrc-harmonization/sd-bhjxbdqk-03	alignment-BS_Y4X7K6SY	UNPAIRED	1245155565	1245155565	1	0	1245155565	1	123224386240	1101310921	109488448976	107882859683	0	0.004437	0.003636	0.000222	100	0	0	0	0	0	0.500104	0.00384	0	unknown	unknown	
kfdrc-harmonization/sd-bhjxbdqk-03	alignment-BS_4EAVBDKR	UNPAIRED	458703828	458703828	1	0	458703828	1	68087403628	414326654	61898428616	61397764750	0	0.0039	0.002971	0.000252	150	0	0	0	0	0	0.499609	0.004262	0	BS_4EAVBDKR		
kfdrc-harmonization/sd-bhjxbdqk-03	alignment-BS_4EAVBDKR	UNPAIRED	458703828	458703828	1	0	458703828	1	68087403628	414326654	61898428616	61397764750	0	0.0039	0.002971	0.000252	150	0	0	0	0	0	0.499609	0.004262	0	BS_4EAVBDKR	DNA478838	
kfdrc-harmonization/sd-bhjxbdqk-03	alignment-BS_J764TSC8	UNPAIRED	430403161	430403161	1	0	430403161	1	63889637518	391270194	58426859032	57871366719	0	0.003768	0.002945	0.000246	150	0	0	0	0	0	0.499568	0.004045	0	BS_J764TSC8		
kfdrc-harmonization/sd-bhjxbdqk-03	alignment-BS_J764TSC8	UNPAIRED	430403161	430403161	1	0	430403161	1	63889637518	391270194	58426859032	57871366719	0	0.003768	0.002945	0.000246	150	0	0	0	0	0	0.499568	0.004045	0	BS_J764TSC8	7316-135B	
kfdrc-harmonization/sd-bhjxbdqk-03	alignment-BS_BJEG5SVT	UNPAIRED	1276573923	1276573923	1	0	1276573923	1	126547027898	1129754745	112463046485	111297299019	0	0.004045	0.0032	0.000238	100	0	0	0	0	0	0.500158	0.003774	0	BS_BJEG5SVT		
kfdrc-harmonization/sd-bhjxbdqk-03	alignment-BS_BJEG5SVT	UNPAIRED	0	0	0	0	0	0	0	0	0	0	0	0	0	0	0	0	0	0	0	0	0	0	0	BS_BJEG5SVT		
kfdrc-harmonization/sd-bhjxbdqk-03	alignment-BS_BJEG5SVT	UNPAIRED	1276573923	1276573923	1	0	1276573923	1	126547027898	1129754745	112463046485	111297299019	0	0.004045	0.0032	0.000238	100	0	0	0	0	0	0.500158	0.003774	0	unknown	unknown	
kfdrc-harmonization/sd-bhjxbdqk-03	alignment-BS_5AXMM8V5	UNPAIRED	429803858	429803858	1	0	429803858	1	63666436003	388230228	57927331974	57282783037	0	0.004993	0.004018	0.000267	150	0	0	0	0	0	0.499541	0.004892	0	BS_5AXMM8V5		
kfdrc-harmonization/sd-bhjxbdqk-03	alignment-BS_5AXMM8V5	UNPAIRED	429803858	429803858	1	0	429803858	1	63666436003	388230228	57927331974	57282783037	0	0.004993	0.004018	0.000267	150	0	0	0	0	0	0.499541	0.004892	0	BS_5AXMM8V5	DNA478837	
kfdrc-harmonization/sd-bhjxbdqk-03	alignment-BS_6PFQJMM3	UNPAIRED	501289896	501289896	1	0	501289896	1	49838695587	447237578	44619147005	44282850810	0	0.003426	0.002637	0.00025	100	0	0	0	0	0	0.500008	0.003658	0	BS_6PFQJMM3		
kfdrc-harmonization/sd-bhjxbdqk-03	alignment-BS_6PFQJMM3	UNPAIRED	0	0	0	0	0	0	0	0	0	0	0	0	0	0	0	0	0	0	0	0	0	0	0	BS_6PFQJMM3		
kfdrc-harmonization/sd-bhjxbdqk-03	alignment-BS_6PFQJMM3	UNPAIRED	501289896	501289896	1	0	501289896	1	49838695587	447237578	44619147005	44282850810	0	0.003426	0.002637	0.00025	100	0	0	0	0	0	0.500008	0.003658	0	unknown	unknown	
